input

np.array([5.061012059504988, 0.8093913561939445]).reshape(1, -1)


model weights

array([[-0.55999292,  0.28192111, -1.34789915],
       [ 0.13920688,  1.40550969, -0.24589298]])

array([[ 1.16475447, -0.56179116,  0.64139247],
       [ 1.03785943,  0.83246431,  1.0993098 ],
       [ 0.94497092, -0.47678784,  0.08990984]])

array([[ 1.18488039,  0.28029689, -1.12000824],
       [ 1.45068749,  0.41759623, -0.14343635],
       [-1.41138955, -0.39072456, -0.3001835 ]])

array([[ 1.25770705,  1.01394874,  0.84465758],
       [ 0.23366424,  1.11778236, -0.24158952],
       [-0.64499363, -0.85234794, -0.39926406]])

array([[-0.474417  ,  1.38640964, -0.35385609],
       [-1.20349871,  1.10561642, -1.33743325],
       [-0.38530791,  0.10093747, -1.27291985]])

array([[-0.98995076],
       [ 1.27680552],
       [-1.78223569]])

biases

array([-0.15748354, -0.01573772,  0.49332679])
array([ 1.23372424, -1.01715427,  0.14869703])
array([ 0.22945446,  0.07431896, -0.46186782])
array([-0.48909483, -0.58775503, -0.22048673])
array([-0.09299892,  0.12911864,  0.01070645])
array([-0.03951273])

class prediction
['1']

probability
[[0.02273222 0.97726778]]

log probability
[[-3.783972   -0.02299458]]